0.000000
0.000000
0.000000
0.000000
0.000000
0.000000
0.000000
0.000000
0.000000
364.000000
2337.000000
8519.000000
22696.000000
46875.000000
83864.000000
110372.000000
117687.000000
105864.000000
84618.000000
61837.000000
50489.000000
45707.000000
41429.000000
37192.000000
34119.000000
32552.000000
28572.000000
25556.000000
22384.000000
24718.000000
29533.000000
32959.000000
28007.000000
20642.000000
30826.000000
52773.000000
46847.000000
50694.000000
78939.000000
50648.000000
47264.000000
52373.000000
31387.000000
21350.000000
28783.000000
33950.000000
30542.000000
26779.000000
24484.000000
28398.000000
31629.000000
36765.000000
38477.000000
41844.000000
45334.000000
48289.000000
53703.000000
66278.000000
88905.000000
106989.000000
120615.000000
114661.000000
85982.000000
55209.000000
25556.000000
0.000000
0.000000
0.000000
0.000000
0.000000
0.000000
0.000000
0.000000
0.000000
0.000000
0.000000

