0.000000
80.000000
84.000000
92.000000
72.000000
92.000000
108.000000
108.000000
120.000000
120.000000
116.000000
100.000000
92.000000
108.000000
112.000000
120.000000
124.000000
116.000000
128.000000
128.000000
112.000000
108.000000
112.000000
120.000000
128.000000
124.000000
128.000000
128.000000
112.000000
148.000000
128.000000
120.000000
128.000000
112.000000
140.000000
120.000000
108.000000
120.000000
116.000000
128.000000
144.000000
124.000000
116.000000
120.000000
100.000000
124.000000
128.000000
144.000000
144.000000
124.000000
128.000000
112.000000
128.000000
116.000000
116.000000
128.000000
124.000000
144.000000
116.000000
100.000000
124.000000
140.000000
128.000000
132.000000
144.000000
148.000000
144.000000
104.000000
124.000000
128.000000
148.000000
140.000000
148.000000
148.000000
124.000000
0.000000

