0.000000
0.000000
0.000000
0.000000
0.000000
0.000000
0.000000
0.000000
0.000000
0.000000
0.000000
0.000000
0.000000
0.000000
0.000000
0.000000
0.000000
0.000000
21.000000
412.000000
4709.000000
264724.000000
243589.000000
6521273.000000
27967512.000000
86140378.000000
220916741.000000
468662166.000000
1985062338.000000
2841928823.000000
2114608148.000000
3104126823.000000
1195927346.000000
1197393374.000000
3116843628.000000
3909555780.000000
3621081324.000000
2624333182.000000
1561896063.000000
3352345792.000000
1529675978.000000
570454207.000000
178322016.000000
47496961.000000
10547879.000000
1960996.000000
1484142.000000
245734.000000
28396.000000
2540.000000
156.000000
4.000000
0.000000
0.000000
0.000000
0.000000
0.000000
0.000000
0.000000
0.000000
0.000000
0.000000
0.000000
0.000000
0.000000
0.000000
0.000000
0.000000
0.000000
0.000000
0.000000
0.000000
0.000000
0.000000
0.000000
0.000000

