0.000000
0.000373
0.002043
0.009984
0.044447
0.172730
0.582579
1.716311
4.088020
7.466568
10.494647
24.512291
58.037702
95.895442
149.252757
317.069015
493.506240
682.483888
1136.695936
1365.434622
1581.084924
1816.881364
1706.570115
1521.387423
1426.389534
1329.091591
1251.162583
1199.280603
1122.461265
1058.401961
965.495523
865.507881
784.024040
769.692414
679.890069
356.988349
262.698901
369.367416
570.937217
369.205985
269.178560
361.093534
687.561168
772.776339
790.859218
890.619307
1005.042204
1115.664045
1186.950179
1286.386690
1354.346707
1434.306132
1515.485736
1552.057203
1716.082182
2006.476888
1961.261909
1542.742530
1326.910419
982.237072
557.080697
412.518076
250.692139
115.785541
78.201326
0.000000
0.000000
0.000000
0.000000
0.000000
0.000000
0.000000
0.000000
0.000000
0.000000
0.000000

