0.000000
631509.306604
878763.606752
725866.410942
800412.896759
705494.493815
797596.784167
784806.049987
822793.266427
772282.327860
885337.477374
741814.430795
752216.110085
838448.042173
757613.753622
743292.633639
899531.558997
927204.081778
706028.545353
836807.516088
957470.960447
938153.768533
931977.150980
929163.072852
936439.167432
922711.547736
841227.372333
956894.693208
1023715.570446
1064959.715628
990486.855695
886546.933173
711614.058935
637615.338724
627655.927904
827890.094052
1014582.508312
1202568.531291
1219444.049943
1211133.452458
1033459.632504
818403.665687
602722.681715
600095.899073
727655.405606
897046.517863
1036374.524387
1118287.983828
968012.464254
895456.443885
859529.374246
907978.410305
962209.884682
886194.759707
938660.718945
946212.990663
881830.113319
864143.961942
799149.808997
899544.998599
905241.600390
780905.995497
786679.481980
786784.372363
795275.017321
865273.560011
836429.978872
794545.825597
841791.788254
701757.886178
801328.831468
771390.244758
864367.459428
863044.596456
655021.793969
0.000000

