0.000000
0.000000
0.000003
0.000014
0.000071
0.000330
0.001443
0.005909
0.022611
0.080638
0.267620
0.823911
2.353633
6.212773
15.166061
34.185655
71.247455
137.377682
245.691751
408.318997
633.576447
921.584889
1262.327680
1636.036419
2014.434374
2364.781765
2654.753469
2857.312946
2952.989708
2932.623275
2798.828700
2567.729810
2262.295322
1914.674635
1560.108155
1236.027704
976.256064
808.439953
750.385499
808.828269
976.999259
1237.081048
1561.083025
1915.717798
2263.654151
2569.174501
2800.722542
2933.887837
2954.652617
2859.381849
2656.440593
2365.860845
2016.153926
1637.595702
1263.717459
922.957559
634.805967
409.174609
246.222825
137.830027
71.489889
34.315549
15.231389
6.245538
2.364914
0.829291
0.269337
0.081224
0.022805
0.005966
0.001458
0.000333
0.000071
0.000014
0.000002
0.000000

