0.000000
0.000000
0.000000
0.000000
0.000000
0.000000
0.000000
0.000000
0.000000
0.000000
0.000000
0.000000
0.000000
0.000000
0.000000
0.000000
0.000000
0.000000
0.000000
0.000000
0.000000
0.219814
4.759017
62.143295
546.823595
3431.525635
15849.805668
54794.279160
142556.288501
879065.554691
1420493.957749
1289667.382751
535364.853435
535416.932578
1305451.485916
2164732.054604
5064731.981342
3092087.245087
1418464.962995
508158.041246
142817.932369
146758.203202
5296.509865
675.147845
620.893591
53.849192
3.232816
0.119464
0.002052
0.000000
0.000000
0.000000
0.000000
0.000000
0.000000
0.000000
0.000000
0.000000
0.000000
0.000000
0.000000
0.000000
0.000000
0.000000
0.000000
0.000000
0.000000
0.000000
0.000000
0.000000
0.000000
0.000000
0.000000
0.000000
0.000000
0.000000

