0.000000
0.000000
0.000000
0.000000
0.000000
0.000000
0.000000
0.000000
0.000000
0.000000
0.000000
0.000000
0.000000
0.000000
0.000000
0.000000
0.000000
70.000000
219.000000
2242.000000
4417.000000
19843.000000
36202.000000
81584.000000
89693.000000
164500.000000
156811.000000
309542.000000
259920.000000
469287.000000
280138.000000
410817.000000
509850.000000
377317.000000
411614.000000
670725.000000
627616.000000
544512.000000
632567.000000
583912.000000
760323.000000
710379.000000
757498.000000
685525.000000
586331.000000
462757.000000
664464.000000
640278.000000
760431.000000
657536.000000
727660.000000
584475.000000
504431.000000
587509.000000
624694.000000
700906.000000
753041.000000
808727.000000
495839.000000
567300.000000
591268.000000
560995.000000
506313.000000
348060.000000
459804.000000
356326.000000
199320.000000
294677.000000
189411.000000
190596.000000
101223.000000
104232.000000
38626.000000
35993.000000
10134.000000
0.000000

