0.000000
0.272727
103.636364
206.545455
1296.181818
3542.090909
8789.000000
6637.363636
5569.454545
3509.363636
3543.272727
8690.363636
10287.181818
10505.636364
9673.363636
6785.272727
6475.636364
9584.727273
7272.181818
5192.000000
3358.272727
3853.636364
5477.545455
3700.000000
6082.909091
15877.454545
17738.000000
11394.000000
6120.636364
6950.181818
10701.090909
23328.545455
15307.272727
15792.727273
10338.909091
4501.909091
7962.545455
21498.818182
15361.818182
22228.090909
6858.909091
7300.181818
12037.272727
17504.636364
17168.909091
22729.272727
10539.090909
5469.545455
6622.727273
14927.545455
19534.818182
11957.181818
4068.909091
6722.727273
7570.545455
3651.545455
4198.727273
5809.090909
6345.000000
11171.909091
6326.272727
6462.454545
11216.636364
15222.545455
13543.545455
12209.272727
4727.636364
5111.272727
8116.181818
8958.000000
10361.545455
3480.818182
1368.090909
152.181818
50.272727
0.000000

